[header]
width=20
height=20
tilewidth=250
tileheight=129
orientation=isometric

[tilesets]
tileset=,250,129,0,0
tileset=,250,304,0,0

[layer]
type=Tile Layer 1
data=
2,2,2,2,2,2,2,1,1,1,1,1,1,1,1,1,1,1,1,1,
2,2,2,3,3,3,2,1,1,1,1,1,1,1,1,1,1,1,1,1,
2,2,2,3,3,3,2,1,1,1,1,1,1,1,1,1,1,1,1,1,
2,2,2,2,2,2,2,1,1,1,1,1,1,1,1,1,1,1,1,1,
2,2,1,1,1,1,1,1,1,1,1,1,1,1,1,1,1,1,1,1,
2,2,1,1,1,1,1,1,1,1,1,1,1,1,1,1,1,1,1,1,
2,2,1,1,1,1,1,1,1,1,1,1,1,1,1,1,1,1,1,1,
2,2,1,1,1,1,1,1,1,1,1,1,1,1,1,1,1,1,1,1,
2,2,1,1,1,1,1,1,1,1,1,1,1,1,1,1,1,1,1,1,
2,2,1,1,1,1,1,1,1,1,1,1,1,1,1,1,1,1,1,1,
2,2,1,1,1,1,1,3,3,3,3,3,1,1,1,1,1,1,1,1,
2,2,1,1,1,1,1,3,3,3,3,3,1,1,1,1,1,1,1,1,
2,2,1,1,1,1,1,3,3,3,3,3,1,1,1,1,1,1,1,1,
2,2,1,1,1,1,1,3,3,3,3,3,1,1,1,1,1,1,1,1,
2,2,1,1,1,1,1,3,3,3,3,3,1,1,1,1,1,1,1,1,
2,2,1,1,1,1,1,1,1,1,1,1,1,1,1,1,1,1,1,1,
2,2,1,1,1,1,1,1,1,1,1,1,1,1,1,1,1,1,1,1,
2,2,1,1,1,1,1,1,1,1,1,1,1,1,1,1,1,1,1,1,
2,2,1,1,1,1,1,1,1,1,1,1,1,1,1,1,1,1,1,1,
2,2,1,1,1,1,1,1,1,1,1,1,1,1,1,1,1,1,1,1

[layer]
type=wall layer
data=
19,20,20,20,20,21,20,20,20,21,20,20,20,20,20,20,20,20,20,19,
20,0,0,0,0,0,0,0,0,0,0,0,0,0,0,0,0,0,0,20,
20,0,0,0,0,0,0,0,0,0,0,0,0,0,0,0,0,0,0,20,
20,0,0,0,0,0,0,0,0,0,0,0,0,0,0,0,0,0,0,20,
20,0,0,0,0,0,0,0,0,0,0,0,0,0,0,0,0,0,0,20,
21,0,0,0,0,0,0,0,0,0,0,0,0,0,0,0,0,0,0,20,
20,0,0,0,0,0,0,0,0,0,0,0,0,0,0,0,0,0,0,20,
20,0,0,0,0,0,0,0,0,0,0,0,0,0,0,0,0,0,0,20,
20,0,0,0,0,0,0,0,0,0,0,0,0,0,0,0,0,0,0,21,
20,0,0,0,0,0,0,0,0,0,0,0,0,0,0,0,0,0,0,20,
20,0,0,0,0,0,0,0,0,0,0,0,0,0,0,0,0,0,0,20,
21,0,0,0,0,0,0,0,0,0,0,0,0,0,0,0,0,0,0,20,
20,0,0,0,0,0,0,0,0,0,0,0,0,0,0,0,0,0,0,20,
20,0,0,0,0,0,0,0,0,0,0,0,0,0,0,0,0,0,0,20,
20,0,0,0,0,0,0,0,0,0,0,0,0,0,0,0,0,0,0,21,
20,0,0,0,0,0,0,0,0,0,0,0,0,0,0,0,0,0,0,20,
20,0,0,0,0,0,0,0,0,0,0,0,0,0,0,0,0,0,0,20,
20,0,0,0,0,0,0,0,0,0,0,0,0,0,0,0,0,0,0,20,
20,0,0,0,0,0,0,0,0,0,0,0,0,0,0,0,0,0,0,20,
19,20,20,20,21,20,20,20,20,20,20,20,20,20,21,20,20,20,20,19

