<?xml version="1.0" encoding="UTF-8"?>
<map version="1.0" orientation="isometric" width="32" height="32" tilewidth="32" tileheight="16">
 <tileset firstgid="1" name="ground" tilewidth="32" tileheight="16">
  <image source="../x32_landTiles_iso.png" width="320" height="320"/>
 </tileset>
 <tileset firstgid="201" name="walls" tilewidth="32" tileheight="64">
  <image source="../x32_wallTiles_iso.png" width="320" height="320"/>
 </tileset>
 <layer name="background" width="32" height="32">
  <data encoding="csv">
13,13,13,13,13,13,16,16,13,16,16,16,16,16,16,13,13,13,13,13,13,13,13,13,13,13,13,13,13,13,13,13,
13,13,13,13,13,16,16,16,16,16,13,13,13,13,16,13,13,13,13,13,13,13,13,13,13,13,13,13,13,13,13,13,
13,13,13,13,16,16,73,73,73,73,73,73,73,73,73,73,73,73,73,73,73,73,73,16,13,13,13,13,13,13,13,13,
13,13,13,13,16,16,73,73,73,73,73,73,73,73,74,73,73,73,73,73,73,73,73,16,16,13,13,13,13,13,13,13,
13,13,13,13,16,16,73,73,72,72,71,71,73,73,73,73,71,71,71,73,73,74,73,16,16,13,13,13,13,13,13,13,
13,13,13,13,16,16,73,73,72,72,73,71,71,74,73,73,71,71,71,71,73,73,73,16,16,13,13,13,13,13,13,13,
13,13,13,13,16,16,73,73,73,72,71,71,73,74,72,72,71,71,71,71,72,72,73,16,16,16,13,13,13,13,13,13,
13,13,13,13,16,16,73,73,74,74,74,73,73,73,73,74,74,71,74,74,73,73,73,16,16,16,13,13,13,13,13,13,
13,13,13,13,13,16,73,73,72,73,73,73,73,73,73,73,73,73,74,74,73,73,73,16,16,16,13,13,13,13,13,13,
13,13,13,13,13,16,73,73,73,73,73,73,73,73,73,73,73,73,73,73,73,73,73,16,16,16,13,13,13,13,13,13,
13,13,13,13,13,16,73,73,73,73,73,73,73,73,73,73,73,73,73,73,73,73,73,16,16,16,13,13,13,13,13,13,
13,13,13,13,13,16,73,73,73,73,73,73,73,73,73,73,73,73,73,73,73,73,73,16,16,13,13,13,13,13,13,13,
13,13,13,13,13,16,16,16,16,16,16,16,16,17,16,16,16,16,16,16,16,16,16,16,16,16,13,13,13,13,13,13,
13,13,13,13,13,13,13,16,16,16,13,16,16,16,17,16,16,16,16,16,16,16,16,16,16,13,13,13,13,13,13,13,
13,13,13,13,13,13,13,13,13,13,13,13,16,16,17,17,16,13,13,13,16,13,13,13,13,13,13,13,13,13,13,13,
13,13,13,13,13,13,13,13,13,13,13,13,13,17,17,17,16,13,13,13,13,13,13,13,13,13,13,13,13,13,13,13,
13,13,13,13,13,13,13,13,13,13,13,13,13,17,17,17,16,13,13,13,13,13,13,13,13,13,13,13,13,13,13,13,
13,13,13,13,13,13,13,13,13,13,13,13,13,17,17,17,13,13,13,13,13,13,13,13,13,13,13,13,13,13,13,13,
13,13,13,13,13,13,13,13,13,13,13,13,12,17,17,17,12,13,13,13,13,13,13,13,13,13,13,13,13,13,13,13,
13,13,13,13,13,13,13,13,13,13,13,13,12,15,15,15,12,13,13,13,13,13,13,13,13,13,13,13,13,13,13,13,
13,13,13,13,13,13,13,13,13,13,12,12,12,15,15,17,12,12,13,13,13,13,13,13,13,13,13,13,13,13,13,13,
13,13,13,13,13,13,13,13,13,13,12,12,12,17,15,15,12,12,13,13,13,13,13,13,13,13,13,13,13,13,13,13,
13,13,13,13,13,13,12,12,12,12,12,12,12,15,15,15,12,12,12,13,13,13,13,13,13,13,13,13,13,13,13,13,
13,13,13,13,13,12,12,15,15,15,15,15,15,15,15,15,15,15,12,12,12,12,12,13,13,13,13,13,13,13,13,13,
12,12,12,12,12,12,15,15,15,15,15,15,15,15,15,15,15,15,15,15,15,15,12,12,12,12,12,13,13,13,13,13,
15,15,15,15,15,15,15,15,15,15,15,15,15,15,15,15,15,15,15,15,15,15,15,15,15,15,12,12,12,12,13,13,
15,15,15,15,15,15,15,15,15,15,15,15,15,15,15,15,15,15,15,15,15,15,15,15,15,15,15,15,15,12,12,12,
15,15,15,15,15,15,15,15,15,15,15,15,15,13,13,13,13,13,13,13,15,15,15,15,15,15,15,15,15,15,15,12,
15,15,15,13,13,13,13,13,13,13,13,13,13,13,13,13,13,13,13,13,13,13,13,13,15,15,15,15,15,15,15,15,
13,13,13,13,13,13,13,13,13,13,13,13,13,13,13,13,13,13,12,13,13,13,13,13,13,13,13,13,13,15,15,15,
13,13,13,13,13,13,13,12,13,13,12,13,13,13,12,12,12,12,12,12,13,13,13,13,13,13,13,13,13,13,13,15,
13,13,13,13,13,13,13,13,13,13,13,13,12,13,13,12,12,12,13,12,12,12,12,12,12,13,13,13,13,13,13,13
</data>
 </layer>
 <layer name="collision" width="32" height="32">
  <data encoding="csv">
0,0,0,0,0,0,0,0,0,0,0,0,0,0,0,0,0,0,0,0,0,0,0,0,0,0,0,0,0,0,0,0,
0,0,0,0,0,0,0,0,0,0,0,0,0,0,0,0,0,0,0,0,0,0,0,0,0,0,0,0,0,0,0,0,
0,0,0,0,0,0,5,5,5,5,5,5,5,5,5,5,5,5,5,5,5,5,5,0,0,0,0,0,0,0,0,0,
0,0,5,0,0,0,5,0,0,0,0,0,0,0,0,0,0,0,0,0,0,0,5,0,0,0,0,0,0,5,0,0,
0,0,0,0,0,0,5,0,0,0,0,0,0,0,0,0,0,0,0,0,0,0,5,0,0,0,0,0,0,0,0,0,
0,0,0,0,0,0,5,0,0,0,0,0,0,0,0,0,0,0,0,0,0,0,5,0,0,0,0,0,0,0,0,0,
0,0,0,0,0,0,5,0,0,0,0,0,0,0,0,0,0,0,0,0,0,0,5,0,0,0,0,0,0,0,0,0,
0,0,0,0,0,0,5,0,0,0,0,0,0,0,0,0,0,0,0,0,0,0,5,0,0,0,0,0,0,0,0,0,
0,0,0,5,0,0,5,0,0,0,0,0,0,0,0,0,0,0,0,0,0,0,5,0,0,0,0,0,0,0,0,0,
5,0,0,0,0,0,5,0,0,0,0,0,0,0,0,0,0,0,0,0,0,0,5,0,0,0,0,0,5,0,0,0,
0,0,0,0,0,0,5,0,0,0,0,0,0,0,0,0,0,0,0,0,0,0,5,0,0,0,0,0,0,0,0,0,
0,0,0,0,0,0,5,5,5,5,5,5,5,0,0,5,5,5,5,5,5,5,5,0,0,0,0,0,0,0,0,0,
0,0,0,0,0,0,0,0,0,0,0,0,0,0,0,0,0,0,0,0,0,0,0,0,0,0,0,0,0,0,0,0,
0,0,0,0,0,0,0,0,0,0,0,0,0,0,0,0,0,0,0,0,0,0,0,0,0,0,0,0,0,0,0,0,
0,0,0,0,0,0,0,0,0,0,0,0,0,0,0,0,0,0,0,0,0,0,0,0,0,0,0,0,0,0,0,0,
0,0,0,5,0,0,0,0,0,0,0,0,0,0,0,0,0,0,0,0,0,0,0,0,0,0,0,0,0,0,0,0,
0,0,0,0,0,0,0,0,0,0,0,0,0,0,0,0,0,0,0,0,0,0,0,0,0,0,0,0,0,0,0,0,
0,0,0,0,0,0,0,0,0,0,0,0,0,0,0,0,0,0,0,0,0,0,0,0,0,0,0,0,0,5,0,0,
0,0,0,0,0,0,0,5,0,0,0,0,0,0,0,0,0,0,0,0,0,0,0,0,0,0,0,0,0,0,0,0,
0,0,0,0,0,0,0,0,0,0,0,0,0,0,0,0,0,0,0,0,0,0,0,0,0,0,0,0,0,0,0,0,
0,0,0,0,0,0,0,0,0,0,0,0,0,0,0,0,0,0,0,0,0,0,0,0,5,0,0,0,0,0,0,0,
0,0,5,0,0,0,0,0,0,0,0,0,0,0,0,0,0,0,0,0,0,0,0,0,0,0,0,0,0,0,0,0,
0,0,0,0,0,0,0,0,0,0,0,0,0,0,0,0,0,0,0,0,0,5,0,0,0,0,0,0,0,0,0,0,
0,0,0,0,0,0,0,0,0,0,0,0,0,0,0,0,0,0,0,0,0,0,0,0,0,0,0,0,0,0,0,0,
0,0,0,0,0,0,0,0,0,0,0,0,0,0,0,0,0,0,0,0,0,0,0,0,0,0,0,0,0,0,0,0,
0,0,0,0,0,0,0,0,0,0,0,0,0,0,0,0,0,0,0,0,0,0,0,0,0,0,0,0,0,0,0,0,
0,0,0,0,0,0,0,0,0,0,0,0,0,0,0,0,0,0,0,0,0,0,0,0,0,0,0,0,0,0,0,0,
0,0,0,0,0,0,0,0,0,0,0,0,0,0,0,0,0,0,0,0,0,0,0,0,0,0,0,0,0,0,0,0,
0,0,0,0,0,0,0,0,0,0,0,0,0,0,0,0,0,0,0,0,0,0,0,0,0,0,0,0,0,0,0,0,
0,0,0,0,0,0,0,0,0,0,0,0,0,0,0,0,0,0,0,0,0,0,0,0,0,0,0,0,0,0,0,0,
0,0,0,0,0,0,0,0,0,0,0,0,0,0,0,0,0,0,0,0,0,0,0,0,0,0,0,0,0,0,0,0,
0,0,0,0,0,0,0,0,0,0,0,0,0,0,0,0,0,0,0,0,0,0,0,0,0,0,0,0,0,0,0,0
</data>
 </layer>
 <layer name="walls" width="32" height="32">
  <data encoding="csv">
0,0,0,0,0,0,0,0,0,0,0,0,0,0,0,0,0,0,0,0,0,0,0,0,0,0,0,0,0,0,0,0,
0,0,0,0,0,0,0,0,0,0,0,0,0,0,0,0,0,0,0,0,0,0,0,0,0,0,0,0,0,0,0,0,
0,0,0,0,0,0,212,231,231,231,231,231,231,231,231,231,231,231,231,231,231,231,212,0,0,0,0,0,0,0,0,0,
0,0,203,0,0,0,231,0,0,0,0,0,0,0,0,0,0,0,0,0,0,0,231,0,0,0,0,0,0,203,0,0,
0,0,0,0,0,0,231,0,0,0,0,0,0,0,0,0,0,0,0,0,0,0,231,0,0,0,0,0,0,0,0,0,
0,0,0,0,0,0,231,0,0,0,228,0,0,0,0,0,0,228,0,0,0,0,232,0,0,0,0,0,0,0,0,0,
0,0,0,0,0,0,231,0,0,0,0,0,0,0,0,0,0,0,0,0,0,0,232,0,0,0,0,0,0,0,0,0,
0,0,0,0,0,0,231,0,0,0,0,0,0,0,0,0,0,0,0,0,0,0,231,0,0,0,0,0,0,0,0,0,
0,0,0,203,0,0,231,0,0,0,0,0,0,0,0,0,0,0,0,0,0,0,233,0,0,0,0,0,0,0,0,0,
203,0,0,0,0,0,231,0,0,0,0,0,0,0,0,0,0,0,0,0,0,0,233,0,0,0,0,0,203,0,0,0,
0,0,0,0,0,0,231,0,0,0,0,0,0,0,0,0,0,0,0,0,0,0,0,0,0,0,0,0,0,0,0,0,
0,0,0,0,0,0,212,231,232,232,231,231,231,217,217,233,231,233,232,232,233,231,226,0,0,0,0,0,0,0,0,0,
0,0,0,0,0,0,0,0,0,0,0,0,0,0,0,0,0,0,0,0,0,0,0,0,0,0,0,0,0,0,0,0,
0,0,0,0,0,0,0,0,0,0,0,0,0,0,0,0,0,0,0,0,0,0,0,0,0,0,0,0,0,0,0,0,
0,0,0,0,0,0,0,0,0,0,0,0,0,0,0,0,0,0,0,0,0,0,0,0,0,0,0,0,0,0,0,0,
0,0,0,203,0,0,0,0,0,0,0,0,0,0,0,0,0,0,0,0,0,0,0,0,0,0,0,0,0,0,0,0,
0,0,0,0,0,0,0,0,0,0,0,0,0,0,0,0,0,0,0,0,0,0,0,0,0,0,0,0,0,0,0,0,
0,0,0,0,0,0,0,0,0,0,0,0,0,0,0,0,0,0,0,0,0,0,0,0,0,0,0,0,0,203,0,0,
0,0,0,0,0,0,0,203,0,0,0,0,0,0,0,0,0,0,0,0,0,0,0,0,0,0,0,0,0,0,0,0,
0,0,0,0,0,0,0,0,0,0,0,0,0,0,0,0,0,0,0,0,0,0,0,0,0,0,0,0,0,0,0,0,
0,0,0,0,0,0,0,0,0,0,0,0,0,0,0,0,0,0,0,0,0,0,0,0,203,0,0,0,0,0,0,0,
0,0,203,0,0,0,0,0,0,0,0,0,0,0,0,0,0,0,0,0,0,0,0,0,0,0,0,0,0,0,0,0,
0,0,0,0,0,0,0,0,0,0,0,0,0,0,0,0,0,0,0,0,0,203,0,0,0,0,0,0,0,0,0,0,
0,0,0,0,0,0,0,0,0,0,0,0,0,0,0,0,0,0,0,0,0,0,0,0,0,0,0,0,0,0,0,0,
0,0,0,0,0,0,0,0,0,0,0,0,0,0,0,0,0,0,0,0,0,0,0,0,0,0,0,0,0,0,0,0,
0,0,0,0,0,0,0,0,0,0,0,0,0,0,0,0,0,0,0,0,0,0,0,0,0,0,0,0,0,0,0,0,
0,0,0,0,0,0,0,0,0,0,0,0,0,0,0,0,0,0,0,0,0,0,0,0,0,0,0,0,0,0,0,0,
0,0,0,0,0,0,0,0,0,0,0,0,0,0,0,0,0,0,0,0,0,0,0,0,0,0,0,0,0,0,0,0,
0,0,0,0,0,0,0,0,0,0,0,0,0,0,0,0,0,0,0,0,0,0,0,0,0,0,0,0,0,0,0,0,
0,0,0,0,0,0,0,0,0,0,0,0,0,0,0,0,0,0,0,0,0,0,0,0,0,0,0,0,0,0,0,0,
0,0,0,0,0,0,0,0,0,0,0,0,0,0,0,0,0,0,0,0,0,0,0,0,0,0,0,0,0,0,0,0,
0,0,0,0,0,0,0,0,0,0,0,0,0,0,0,0,0,0,0,0,0,0,0,0,0,0,0,0,0,0,0,0
</data>
 </layer>
</map>
